16 306 267 143 353 
258 300 273 227 344 
18 293 102 98 224 
173 359 320 344 36 
294 291 240 69 292 
287 215 64 191 117 
133 100 148 43 205 
110 56 278 117 227 
20 345 21 37 102 
172 172 140 301 28 
16 300 270 197 237 
141 28 348 332 42 76 
17 9 247 189 226 
70 64 131 135 198 
350 268 107 72 322 246 
308 198 280 112 23 
193 0 316 184 246 176 
133 239 112 26 146 
129 73 129 244 326 
13 284 256 191 319 
20 25 215 343 106 
164 138 201 234 4 
313 173 69 300 93 
15 267 285 77 161 
319 314 296 243 158 272 
160 182 250 312 124 
255 46 183 271 7 
209 164 184 93 121 
292 42 209 107 101 
284 193 231 300 6 181 
264 180 63 149 292 19 
239 5 259 258 3 
123 284 52 158 59 
352 163 13 349 234 
185 99 42 16 279 54 
62 24 142 88 328 
118 260 298 125 161 
270 121 175 9 270 
32 79 153 144 120 215 
314 153 137 318 127 
135 337 200 94 335 
17 141 145 310 325 
272 216 19 321 262 247 
163 218 312 105 270 356 
131 220 20 316 82 
44 192 11 96 206 39 
95 263 294 181 238 
66 98 41 345 2 
233 309 358 319 94 
16 288 42 114 80 342 
222 159 13 103 285 
359 215 296 181 23 
112 354 83 147 57 350 
327 85 250 262 222 
329 210 277 8 145 
298 128 319 36 266 
332 316 136 212 354 
26 27 60 77 208 
237 85 247 315 349 
93 64 46 71 118 
254 254 308 246 76 
187 260 321 245 66 
245 265 120 224 267 160 
55 99 270 29 174 
244 127 287 6 339 200 
6 212 355 309 192 
342 311 32 183 271 
129 3 241 222 257 329 
254 239 41 251 129 290 
217 88 313 127 12 
237 285 30 219 102 
123 135 217 237 355 302 
180 7 328 242 318 
297 23 95 76 315 111 
12 96 333 109 359 
51 141 104 142 318 
342 349 165 282 111 
23 305 322 346 53 
139 183 337 116 105 
18 141 116 22 352 355 
144 313 325 234 45 
26 207 305 297 113 235 
38 33 320 303 14 
230 53 186 272 271 
161 270 190 38 175 151 
318 55 117 328 325 
3 79 170 11 91 
96 230 191 28 77 
345 138 356 221 169 
337 328 234 188 318 73 
322 273 83 141 78 
285 308 352 46 45 
280 217 133 323 355 
189 276 328 315 62 
346 332 144 335 301 
86 170 161 302 341 
247 269 65 82 158 
49 253 342 352 211 164 
58 315 131 187 103 
207 122 46 302 144 
14 109 138 179 138 
315 90 135 225 164 
24 29 11 67 1 
111 80 6 46 55 171 
126 287 127 123 316 
156 151 158 203 83 120 
297 15 100 260 41 
111 235 8 24 62 
